distinct > 3 and support > 1000

([0, 34, 21, 20], 1042)
([0, 22, 20, 21], 1051)
([0, 34, 20, 21], 1227)

distinct > 4 and support > 100

([0, 34, 32, 20, 21], 105)
([0, 32, 34, 20, 21], 112)

distinct > 3 and support > 500

([0, 21, 22, 20], 502)
([0, 34, 32, 21], 505)
([0, 20, 21, 8], 531)
([0, 62, 21, 20], 537)
([0, 32, 34, 21], 542)
([0, 32, 21, 20], 551)
([0, 34, 20, 22], 554)
([0, 34, 32, 20], 559)
([0, 20, 21, 23], 561)
([0, 21, 20, 8], 571)
([0, 8, 20, 21], 572)
([0, 20, 22, 36], 575)
([0, 20, 34, 32], 577)
([0, 8, 21, 20], 581)
([0, 62, 20, 21], 586)
([0, 20, 21, 37], 598)
([0, 21, 20, 23], 605)
([0, 36, 20, 22], 605)
([0, 32, 20, 21], 622)
([0, 21, 20, 37], 634)
([0, 20, 34, 21], 637)
([0, 32, 34, 20], 672)
([0, 20, 22, 34], 684)
([0, 20, 21, 34], 695)
([0, 22, 21, 20], 736)
([0, 36, 21, 20], 760)
([0, 21, 20, 34], 785)
([0, 20, 21, 22], 800)
([0, 20, 22, 21], 804)
([0, 20, 32, 34], 825)
([0, 36, 20, 21], 842)
([0, 23, 21, 20], 875)
([0, 21, 20, 22], 876)
([0, 23, 20, 21], 964)
([0, 34, 21, 20], 1042)
([0, 22, 20, 21], 1051)
([0, 34, 20, 21], 1227)